cube 0 1 3 4 9 10 12 13
cube 1 2 4 5 10 11 13 14
cube 3 4 6 7 12 13 15 16
cube 4 5 7 8 13 14 16 17
cube 9 10 12 13 18 19 21 22
cube 10 11 13 14 19 20 22 23
cube 12 13 15 16 21 22 24 25
cube 13 14 16 17 22 23 25 26
