T= 0.02
  INCISE= 2
110 9.97632 8.56261 0 168 0.00106043 8.90607 0
